===============================
----sqrt(73.96198163036038)----
expected: 8.600115210295755
calculated: 8.5625
ERROR = -0.037615210295754764
